128
110
105
102
104
105
105
109
108
111
111
113
121
112
112
106
104
102
102
101
105
105
104
105
108
110
108
106
107
106
119
107
111
106
109
109
109
110
108
109
105
109
110
108
108
107
103
107
106
109
110
111
112
111
121
115
111
107
107
105
103
104
106
108
108
107
113
106
102
105
110
107
105
103
108
108
109
108
120
122
123
113
123
125
126
125
135
134
137
127
130
120
125
118
122
123
127
130
135
133
132
138
132
128
125
128
141
129
135
133
129
140
142
138
137
138
144
139
134
126
134
136
140
136
142
149
153
152
149
153
149
146
150
155
162
147
147
158
154
165
158
174
172
168
174
168
174
179
184
193
195
200
202
197
201
202
193
188
194
195
196
204
201
195
196
191
196
197
199
203
199
197
202
197
198
203
203
193
198
198
204
205
206
209
209
216
213
217
216
208
203
206
206
214
221
225
234
235
233
231
231
230
224
213
215
217
218
216
225
228
238
237
233
237
222
228
228
230
225
228
233
226
227
229
231
236
245
252
248
254
243
246
250
246
244
237
253
238
256
267
269
254
266
254
275
287
292
287
288
271
254
251
257
256
253
256
265
259
254
252
263
267
272
284
285
304
296
284
286
289
298
313
306
308
309
295
296
266
281
284
288
301
299
311
320
317
318
334
335
328
320
310
322
320
327
338
336
337
340
325
320
329
322
326
334
339
335
323
321
308
304
297
320
330
329
342
342
335
337
344
351
342
337
339
332
329
326
337
333
344
347
350
366
363
367
352
370
374
376
366
358
343
338
327
329
337
351
344
349
343
347
369
375
378
355
346
344
359
376
373
361
362
366
371
374
371
