140
143
138
134
130
132
135
131
132
130
121
117
116
120
116
116
117
116
117
116
112
114
116
120
117
121
121
115
114
115
117
114
114
118
117
117
115
115
113
116
120
126
128
120
121
118
119
115
120
117
121
119
117
121
123
122
122
125
123
124
124
127
124
118
124
125
128
127
127
127
117
118
114
115
117
114
122
119
120
124
125
129
124
125
121
125
133
130
132
132
130
128
128
139
135
137
138
138
142
130
131
137
138
144
149
151
157
148
144
144
149
157
156
155
158
157
158
159
156
153
152
153
157
157
155
162
159
159
165
158
151
160
176
173
173
165
175
176
161
167
171
185
173
188
191
191
187
184
184
183
185
189
204
203
199
205
203
194
200
205
201
202
212
217
213
206
219
216
222
221
215
222
222
219
221
223
231
224
230
232
223
235
230
234
250
246
241
226
234
226
232
236
230
238
251
242
243
258
241
240
241
232
236
235
249
250
251
251
248
250
251
252
247
255
260
254
256
265
266
276
275
255
276
259
274
277
283
267
276
273
278
283
291
275
279
304
296
309
306
289
292
280
286
272
274
275
300
286
297
291
265
272
283
279
286
283
289
308
302
314
308
294
294
291
305
307
300
298
288
306
321
327
338
337
326
324
334
339
329
324
330
329
349
334
330
341
361
360
344
340
325
317
313
321
325
315
326
325
331
337
331
342
355
365
358
350
342
356
337
340
352
358
354
346
342
336
337
342
336
353
352
354
383
374
370
370
356
344
366
381
382
395
375
368
372
376
384
401
407
412
424
416
407
399
386
389
399
399
398
394
401
392
397
423
424
431
400
387
390
387
396
396
404
414
419
421
