137
130
134
124
125
122
122
124
124
120
118
116
112
112
112
109
112
110
111
108
113
110
108
114
118
114
118
136
120
120
115
122
120
117
119
117
120
118
116
115
115
115
119
124
127
126
122
120
125
117
117
116
117
116
116
122
120
127
130
122
118
110
116
119
119
122
128
121
129
136
120
123
132
130
126
126
132
126
122
125
121
122
128
130
136
135
141
128
124
125
121
130
126
122
127
114
117
118
128
126
134
133
137
130
129
138
136
140
142
146
148
154
151
147
151
140
142
138
136
147
143
145
143
143
148
146
147
147
143
150
157
154
152
147
165
169
162
165
169
159
156
163
162
167
167
185
181
184
178
180
188
189
185
194
193
191
207
204
201
203
193
193
194
197
210
198
191
200
205
205
193
202
194
191
204
203
200
208
204
205
209
210
215
220
219
216
217
217
209
219
218
222
233
232
246
252
244
248
248
239
249
243
230
235
232
236
242
229
222
226
229
236
238
242
246
244
244
239
247
246
252
241
243
247
239
255
254
265
259
265
255
261
256
254
251
248
258
255
244
250
257
253
254
246
245
249
278
283
290
288
272
256
254
261
269
257
282
274
276
276
267
259
275
273
271
279
281
281
277
259
292
291
284
290
294
300
304
312
330
313
309
307
324
315
304
311
305
297
301
277
292
302
293
306
315
317
308
310
314
324
310
328
315
330
328
319
306
303
322
316
323
314
324
320
327
318
323
320
332
328
327
343
356
357
351
321
315
326
343
339
355
350
333
338
329
325
335
339
359
360
372
364
372
377
364
373
364
357
372
360
361
362
361
372
392
399
383
374
374
378
382
393
390
379
396
405
