253
287
235
249
257
273
269
244
163
135
123
127
137
147
150
152
131
161
202
194
198
211
210
201
210
232
233
211
216
227
223
235
244
229
223
230
264
272
278
282
250
312
319
270
269
307
314
308
304
292
281
271
277
291
300
292
304
311
328
338
359
331
341
382
376
385
383
442
463
386
355
404
504
493
397
399
493
560
487
461
460
406
425
456
489
478
434
481
531
546
557
566
463
561
585
457
477
470
479
509
555
578
559
600
588
667
823
961
791
600
533
550
626
613
552
577
686
849
782
630
768
834
748
686
605
698
825
742
734
698
721
682
720
713
682
735
687
654
696
780
969
898
781
811
895
816
706
878
768
786
928
908
1143
1184
884
858
873
871
880
862
937
872
915
1122
1022
794
831
886
844
803
810
812
810
815
927
976
919
1052
986
888
904
984
933
902
931
909
900
932
949
929
919
944
960
1134
1195
962
965
968
975
984
1117
1233
1274
1166
1062
1037
1174
1172
1125
1205
1217
1255
1314
1213
1156
1279
1204
1324
1237
1197
1193
1277
1466
1476
1235
1265
1462
1579
1285
1269
1276
1259
1312
1320
1501
1394
1327
1350
1431
1369
1347
1486
1669
1585
1707
1550
1448
1417
1452
1459
1496
1711
1573
1684
1693
1570
1521
1598
1587
1522
1818
1617
1612
1600
1592
1603
2184
2265
1860
1695
1757
1702
1765
1703
1709
1772
1807
2097
2171
2065
1919
2011
1931
1846
1891
2048
2303
2183
2334
1958
1915
1921
1970
2122
2170
2068
2062
2064
2019
2068
2127
2338
2210
2158
2149
2313
2293
2202
2368
2194
2203
2321
2345
2492
2492
2598
2352
2379
2307
2361
2346
2516
2587
2439
2629
2611
2494
2424
2746
2494
2488
2788
2494
2441
2486
2483
2510
2506
2485
2538
2538
2570
2618
2610
2661
2642
2646
2684
2858
2815
2678
2722
2676
2726
3186
3273
2776
2765
2791
2897
3115
2861
2840
2955
2891
2868
