154
115
103
106
107
108
117
113
117
119
123
122
127
118
113
115
107
106
102
104
103
104
111
112
111
112
112
113
107
107
107
109
113
110
107
106
108
106
109
117
111
115
112
109
109
111
113
109
112
110
112
114
110
112
112
120
115
114
117
118
119
121
119
119
116
119
113
115
114
114
114
111
115
113
115
115
119
119
120
123
116
130
127
119
124
126
122
120
118
122
126
129
126
135
131
146
136
131
136
137
137
131
137
142
145
148
149
141
155
146
146
149
142
153
148
153
154
156
167
166
175
170
188
168
174
164
165
173
172
165
165
157
164
165
178
169
176
180
187
189
186
177
195
194
199
200
198
199
196
199
197
198
215
200
209
189
188
196
195
193
219
207
220
224
215
213
210
197
200
204
202
207
214
222
222
235
246
246
236
230
233
220
215
212
217
224
231
237
240
242
230
227
236
239
235
242
235
242
247
238
253
258
259
264
253
246
246
239
241
246
241
242
248
251
237
239
239
258
247
261
253
252
263
247
254
274
280
279
264
264
251
256
262
260
265
274
258
268
278
286
265
277
283
285
292
289
277
275
276
282
279
291
297
286
289
298
293
284
289
299
287
295
306
306
282
283
277
293
285
295
316
315
328
330
329
316
316
340
336
330
329
318
312
304
300
335
350
368
356
337
329
335
331
338
333
332
326
346
343
344
371
365
369
365
356
350
351
361
369
357
372
367
358
358
349
339
357
367
388
398
418
404
402
386
387
381
361
370
367
371
410
401
399
384
381
372
378
385
374
374
389
383
381
393
393
386
391
380
392
381
386
387
396
380
390
404
404
422
424
419
407
400
419
417
417
409
