100
227
221
250
262
243
230
184
144
112
118
110
115
120
132
135
131
166
183
173
195
184
215
223
246
245
211
205
207
209
234
262
281
253
253
236
219
232
242
242
264
269
267
308
301
256
259
283
277
297
300
276
273
264
312
332
301
307
343
369
372
366
336
377
390
381
338
362
414
474
446
452
449
432
495
503
517
479
438
558
566
535
530
466
545
583
582
602
558
549
460
487
520
521
663
649
525
529
510
695
801
766
616
569
610
677
722
679
747
591
544
536
546
560
626
631
695
742
634
580
611
658
592
593
597
713
751
630
668
762
681
636
716
762
793
1040
1031
858
803
919
938
857
849
872
731
840
860
725
711
724
740
738
741
763
844
859
858
870
884
923
932
1001
940
801
782
794
797
964
1021
982
952
978
1223
994
852
860
849
917
974
901
998
1213
1073
933
1087
1341
1116
935
1002
1087
1091
1262
1045
962
1013
993
988
1000
1172
1318
1038
1046
1171
1221
1178
1233
1226
1100
1090
1189
1249
1150
1135
1141
1173
1191
1225
1456
1376
1244
1355
1461
1299
1207
1261
1225
1242
1315
1465
1402
1311
1721
1838
1523
1370
1361
1359
1362
1427
1556
1559
1443
1391
1421
1591
1600
1457
1488
1506
1578
1872
1702
1597
1731
1591
1505
1512
1546
1563
1579
1642
1777
1717
1834
1711
1794
1713
1690
1652
1702
1666
1718
1691
1717
1741
1721
1752
1912
1967
1772
1824
1823
1897
2067
2029
1958
1825
2067
1986
1861
1959
2122
2093
1983
1855
1993
2200
2268
2038
2018
2035
2215
2158
2042
2022
2096
2126
2098
2088
2143
2084
2351
2639
2170
2249
2462
2259
2238
2267
2221
2211
2240
2310
2258
2292
2299
2295
2330
2414
2622
2667
2455
2403
2410
2446
2531
2668
2473
2484
2503
2663
2699
2520
2521
2583
2576
2601
2611
2681
2705
2854
2812
2671
2664
2674
2653
2724
2742
2730
2777
2742
2806
2782
2790
3070
2989
